0.000000	0.000000	0.000000e+000
0.000000	0.000000	0.000000e+000
0.005582	0.005582	4.019018e-005
0.008373	0.002791	6.028527e-005
0.022328	0.013955	1.546249e-004
0.024809	0.002481	1.624245e-004
0.027910	0.003101	1.866765e-004
0.027910	0.000000	1.997175e-004
0.034373	0.006463	2.443963e-004
0.037605	0.003232	2.665898e-004
0.053763	0.016158	3.706499e-004
0.056635	0.002873	3.787752e-004
0.060226	0.003591	4.059235e-004
0.060226	0.000000	4.209335e-004
0.067340	0.007114	4.677123e-004
0.070897	0.003557	4.909169e-004
0.088682	0.017785	5.990927e-004
0.091844	0.003162	6.065023e-004
0.095796	0.003952	6.351448e-004
0.095796	0.000000	6.522507e-004
0.103408	0.007612	6.996171e-004
0.107214	0.003806	7.230749e-004
0.126243	0.019029	8.320333e-004
0.129626	0.003383	8.387982e-004
0.133855	0.004229	8.679556e-004
0.133855	0.000000	8.861896e-004
0.141870	0.008015	9.331946e-004
0.145877	0.004007	9.564441e-004
0.165914	0.020037	1.064105e-003
0.169477	0.003562	1.070213e-003
0.173929	0.004453	1.099274e-003
0.173929	0.000000	1.118121e-003
0.182484	0.008555	1.165249e-003
0.186762	0.004277	1.188533e-003
0.208149	0.021387	1.295824e-003
0.211951	0.003802	1.301019e-003
0.216704	0.004753	1.330335e-003
0.216704	0.000000	1.350414e-003
0.226059	0.009355	1.398625e-003
0.230737	0.004678	1.422406e-003
0.254125	0.023388	1.531179e-003
0.258283	0.004158	1.535094e-003
0.263480	0.005197	1.565353e-003
0.263480	0.000000	1.587678e-003
0.273814	0.010334	1.637195e-003
0.278981	0.005167	1.661554e-003
0.304815	0.025834	1.772065e-003
0.309408	0.004593	1.774458e-003
0.315149	0.005741	1.805856e-003
0.315149	0.000000	1.830838e-003
0.326602	0.011453	1.881482e-003
0.332329	0.005727	1.906309e-003
0.360962	0.028633	2.017941e-003
0.366053	0.005090	2.018570e-003
0.372416	0.006363	2.051041e-003
0.372416	0.000000	2.078873e-003
0.385117	0.012701	2.130244e-003
0.391468	0.006351	2.155317e-003
0.423221	0.031753	2.266994e-003
0.428866	0.005645	2.265670e-003
0.435922	0.007056	2.298994e-003
0.435922	0.000000	2.329674e-003
0.450000	0.014078	2.381244e-003
0.457040	0.007039	2.406282e-003
0.492236	0.035196	2.516689e-003
0.498493	0.006257	2.513285e-003
0.506314	0.007821	2.547149e-003
0.506314	0.000000	2.580521e-003
0.521911	0.015597	2.631698e-003
0.529709	0.007798	2.656386e-003
0.568700	0.038991	2.764111e-003
0.575632	0.006932	2.758573e-003
0.584297	0.008665	2.792605e-003
0.584297	0.000000	2.828388e-003
0.601573	0.017276	2.878552e-003
0.610211	0.008638	2.902565e-003
0.653402	0.043191	3.006189e-003
0.661080	0.007678	2.998537e-003
0.670678	0.009598	3.032334e-003
0.670678	0.000000	3.070134e-003
0.689826	0.019148	3.118670e-003
0.699400	0.009574	3.141686e-003
0.747269	0.047869	3.239852e-003
0.755779	0.008510	3.230183e-003
0.766416	0.010638	3.263328e-003
0.766416	0.000000	3.302656e-003
0.787668	0.021252	3.348974e-003
0.798294	0.010626	3.370686e-003
0.851423	0.053129	3.462149e-003
0.860868	0.009445	3.450638e-003
0.872675	0.011807	3.482714e-003
0.872675	0.000000	3.522998e-003
0.896319	0.023644	3.566551e-003
0.908141	0.011822	3.586678e-003
0.967252	0.059111	3.670345e-003
0.977760	0.010509	3.657243e-003
0.990896	0.013136	3.687843e-003
0.990896	0.000000	3.728443e-003
1.017297	0.026401	3.768741e-003
1.030497	0.013200	3.787035e-003
1.096499	0.066002	3.862003e-003
1.108233	0.011734	3.847633e-003
1.122900	0.014667	3.876374e-003
1.122900	0.000000	3.916590e-003
1.152525	0.029625	3.953218e-003
1.167338	0.014813	3.969469e-003
1.241401	0.074063	4.035051e-003
1.254568	0.013167	4.019806e-003
1.271027	0.016459	4.046336e-003
1.271027	0.000000	4.085425e-003
1.304492	0.033466	4.118049e-003
1.321225	0.016733	4.132098e-003
1.404889	0.083664	4.187851e-003
1.419762	0.014874	4.172186e-003
1.438354	0.018592	4.196193e-003
1.438354	0.000000	4.233382e-003
1.476490	0.038136	4.261767e-003
1.495558	0.019068	4.273505e-003
1.590897	0.095339	4.319256e-003
1.607846	0.016949	4.303682e-003
1.629033	0.021186	4.324902e-003
1.629033	0.000000	4.359409e-003
1.672992	0.043959	4.383424e-003
1.694971	0.021980	4.392806e-003
1.804869	0.109898	4.428671e-003
1.824406	0.019537	4.413740e-003
1.848828	0.024422	4.431965e-003
1.848828	0.000000	4.463024e-003
1.900275	0.051447	4.482655e-003
1.925999	0.025724	4.489706e-003
2.054617	0.128618	4.516112e-003
2.077482	0.022865	4.502396e-003
2.106064	0.028582	4.517487e-003
2.106064	0.000000	4.544379e-003
2.167519	0.061456	4.559745e-003
2.198247	0.030728	4.564567e-003
2.351886	0.153639	4.582274e-003
2.379200	0.027314	4.570330e-003
2.413342	0.034142	4.582227e-003
2.413342	0.000000	4.604343e-003
2.488872	0.075530	4.615705e-003
2.526638	0.037765	4.618494e-003
2.715463	0.188826	4.628603e-003
2.749032	0.033569	4.618907e-003
2.790994	0.041961	4.627649e-003
2.790994	0.000000	4.644589e-003
2.887768	0.096775	4.652383e-003
2.936155	0.048387	4.653443e-003
3.178092	0.241936	4.657378e-003
3.221103	0.043011	4.650177e-003
3.274866	0.053764	4.655935e-003
3.274866	0.000000	4.667726e-003
3.374866	0.100000	4.671428e-003
3.424866	0.050000	4.671239e-003
3.674866	0.250000	4.674022e-003
3.719311	0.044444	4.675709e-003
3.774866	0.055556	4.678191e-003
3.774866	0.000000	4.675713e-003
3.874866	0.100000	4.675991e-003
3.924866	0.050000	4.676559e-003
4.174866	0.250000	4.675726e-003
4.219311	0.044444	4.671102e-003
4.274866	0.055556	4.671499e-003
4.274866	0.000000	4.678785e-003
4.374866	0.100000	4.680092e-003
4.424866	0.050000	4.679485e-003
4.674866	0.250000	4.681435e-003
4.719311	0.044444	4.686437e-003
4.774866	0.055556	4.687118e-003
4.774866	0.000000	4.679314e-003
4.819893	0.045027	4.678821e-003
4.842406	0.022513	4.679182e-003
4.954973	0.112567	4.677468e-003
4.974985	0.020012	4.673209e-003
5.000000	0.025015	4.673217e-003
5.000000	0.000000	4.679482e-003
