0.000000	0.000000	9.000000e+000
0.000000	0.000000	9.000000e+000
0.005582	0.005582	9.000000e+000
0.008373	0.002791	9.000000e+000
0.022328	0.013955	9.000000e+000
0.024809	0.002481	9.000000e+000
0.027910	0.003101	9.000000e+000
0.027910	0.000000	9.000000e+000
0.034373	0.006463	9.000000e+000
0.037605	0.003232	9.000000e+000
0.053763	0.016158	9.000000e+000
0.056635	0.002873	9.000000e+000
0.060226	0.003591	9.000000e+000
0.060226	0.000000	9.000000e+000
0.067340	0.007114	9.000000e+000
0.070897	0.003557	9.000000e+000
0.088682	0.017785	9.000000e+000
0.091844	0.003162	9.000000e+000
0.095796	0.003952	9.000000e+000
0.095796	0.000000	9.000000e+000
0.103408	0.007612	9.000000e+000
0.107214	0.003806	9.000000e+000
0.126243	0.019029	9.000000e+000
0.129626	0.003383	9.000000e+000
0.133855	0.004229	9.000000e+000
0.133855	0.000000	9.000000e+000
0.141870	0.008015	9.000000e+000
0.145877	0.004007	9.000000e+000
0.165914	0.020037	9.000000e+000
0.169477	0.003562	9.000000e+000
0.173929	0.004453	9.000000e+000
0.173929	0.000000	9.000000e+000
0.182484	0.008555	9.000000e+000
0.186762	0.004277	9.000000e+000
0.208149	0.021387	9.000000e+000
0.211951	0.003802	9.000000e+000
0.216704	0.004753	9.000000e+000
0.216704	0.000000	9.000000e+000
0.226059	0.009355	9.000000e+000
0.230737	0.004678	9.000000e+000
0.254125	0.023388	9.000000e+000
0.258283	0.004158	9.000000e+000
0.263480	0.005197	9.000000e+000
0.263480	0.000000	9.000000e+000
0.273814	0.010334	9.000000e+000
0.278981	0.005167	9.000000e+000
0.304815	0.025834	9.000000e+000
0.309408	0.004593	9.000000e+000
0.315149	0.005741	9.000000e+000
0.315149	0.000000	9.000000e+000
0.326602	0.011453	9.000000e+000
0.332329	0.005727	9.000000e+000
0.360962	0.028633	9.000000e+000
0.366053	0.005090	9.000000e+000
0.372416	0.006363	9.000000e+000
0.372416	0.000000	9.000000e+000
0.385117	0.012701	9.000000e+000
0.391468	0.006351	9.000000e+000
0.423221	0.031753	9.000000e+000
0.428866	0.005645	9.000000e+000
0.435922	0.007056	9.000000e+000
0.435922	0.000000	9.000000e+000
0.450000	0.014078	9.000000e+000
0.457040	0.007039	9.000000e+000
0.492236	0.035196	9.000000e+000
0.498493	0.006257	9.000000e+000
0.506314	0.007821	9.000000e+000
0.506314	0.000000	9.000000e+000
0.521911	0.015597	9.000000e+000
0.529709	0.007798	9.000000e+000
0.568700	0.038991	9.000000e+000
0.575632	0.006932	9.000000e+000
0.584297	0.008665	9.000000e+000
0.584297	0.000000	9.000000e+000
0.601573	0.017276	9.000000e+000
0.610211	0.008638	9.000000e+000
0.653402	0.043191	9.000000e+000
0.661080	0.007678	9.000000e+000
0.670678	0.009598	9.000000e+000
0.670678	0.000000	9.000000e+000
0.689826	0.019148	9.000000e+000
0.699400	0.009574	9.000000e+000
0.747269	0.047869	9.000000e+000
0.755779	0.008510	9.000000e+000
0.766416	0.010638	9.000000e+000
0.766416	0.000000	9.000000e+000
0.787668	0.021252	9.000000e+000
0.798294	0.010626	9.000000e+000
0.851423	0.053129	9.000000e+000
0.860868	0.009445	9.000000e+000
0.872675	0.011807	9.000000e+000
0.872675	0.000000	9.000000e+000
0.896319	0.023644	9.000000e+000
0.908141	0.011822	9.000000e+000
0.967252	0.059111	9.000000e+000
0.977760	0.010509	9.000000e+000
0.990896	0.013136	9.000000e+000
0.990896	0.000000	9.000000e+000
1.017297	0.026401	9.000000e+000
1.030497	0.013200	9.000000e+000
1.096499	0.066002	9.000000e+000
1.108233	0.011734	9.000000e+000
1.122900	0.014667	9.000000e+000
1.122900	0.000000	9.000000e+000
1.152525	0.029625	9.000000e+000
1.167338	0.014813	9.000000e+000
1.241401	0.074063	9.000000e+000
1.254568	0.013167	9.000000e+000
1.271027	0.016459	9.000000e+000
1.271027	0.000000	9.000000e+000
1.304492	0.033466	9.000000e+000
1.321225	0.016733	9.000000e+000
1.404889	0.083664	9.000000e+000
1.419762	0.014874	9.000000e+000
1.438354	0.018592	9.000000e+000
1.438354	0.000000	9.000000e+000
1.476490	0.038136	9.000000e+000
1.495558	0.019068	9.000000e+000
1.590897	0.095339	9.000000e+000
1.607846	0.016949	9.000000e+000
1.629033	0.021186	9.000000e+000
1.629033	0.000000	9.000000e+000
1.672992	0.043959	9.000000e+000
1.694971	0.021980	9.000000e+000
1.804869	0.109898	9.000000e+000
1.824406	0.019537	9.000000e+000
1.848828	0.024422	9.000000e+000
1.848828	0.000000	9.000000e+000
1.900275	0.051447	9.000000e+000
1.925999	0.025724	9.000000e+000
2.054617	0.128618	9.000000e+000
2.077482	0.022865	9.000000e+000
2.106064	0.028582	9.000000e+000
2.106064	0.000000	9.000000e+000
2.167519	0.061456	9.000000e+000
2.198247	0.030728	9.000000e+000
2.351886	0.153639	9.000000e+000
2.379200	0.027314	9.000000e+000
2.413342	0.034142	9.000000e+000
2.413342	0.000000	9.000000e+000
2.488872	0.075530	9.000000e+000
2.526638	0.037765	9.000000e+000
2.715463	0.188826	9.000000e+000
2.749032	0.033569	9.000000e+000
2.790994	0.041961	9.000000e+000
2.790994	0.000000	9.000000e+000
2.887768	0.096775	9.000000e+000
2.936155	0.048387	9.000000e+000
3.178092	0.241936	9.000000e+000
3.221103	0.043011	9.000000e+000
3.274866	0.053764	9.000000e+000
3.274866	0.000000	9.000000e+000
3.374866	0.100000	9.000000e+000
3.424866	0.050000	9.000000e+000
3.674866	0.250000	9.000000e+000
3.719311	0.044444	9.000000e+000
3.774866	0.055556	9.000000e+000
3.774866	0.000000	9.000000e+000
3.874866	0.100000	9.000000e+000
3.924866	0.050000	9.000000e+000
4.174866	0.250000	9.000000e+000
4.219311	0.044444	9.000000e+000
4.274866	0.055556	9.000000e+000
4.274866	0.000000	9.000000e+000
4.374866	0.100000	9.000000e+000
4.424866	0.050000	9.000000e+000
4.674866	0.250000	9.000000e+000
4.719311	0.044444	9.000000e+000
4.774866	0.055556	9.000000e+000
4.774866	0.000000	9.000000e+000
4.819893	0.045027	9.000000e+000
4.842406	0.022513	9.000000e+000
4.954973	0.112567	9.000000e+000
4.974985	0.020012	9.000000e+000
5.000000	0.025015	9.000000e+000
5.000000	0.000000	9.000000e+000
