0.000000	0.000000	9.000000e+000
0.000000	0.000000	9.000000e+000
0.005582	0.005582	8.922711e+000
0.008373	0.002791	8.884067e+000
0.022328	0.013955	8.702644e+000
0.024809	0.002481	8.687645e+000
0.027910	0.003101	8.641007e+000
0.027910	0.000000	8.615928e+000
0.034373	0.006463	8.530007e+000
0.037605	0.003232	8.487327e+000
0.053763	0.016158	8.287212e+000
0.056635	0.002873	8.271586e+000
0.060226	0.003591	8.219378e+000
0.060226	0.000000	8.190512e+000
0.067340	0.007114	8.100553e+000
0.070897	0.003557	8.055929e+000
0.088682	0.017785	7.847899e+000
0.091844	0.003162	7.833649e+000
0.095796	0.003952	7.778568e+000
0.095796	0.000000	7.745672e+000
0.103408	0.007612	7.654583e+000
0.107214	0.003806	7.609471e+000
0.126243	0.019029	7.399936e+000
0.129626	0.003383	7.386926e+000
0.133855	0.004229	7.330855e+000
0.133855	0.000000	7.295789e+000
0.141870	0.008015	7.205395e+000
0.145877	0.004007	7.160684e+000
0.165914	0.020037	6.953644e+000
0.169477	0.003562	6.941897e+000
0.173929	0.004453	6.886012e+000
0.173929	0.000000	6.849767e+000
0.182484	0.008555	6.759137e+000
0.186762	0.004277	6.714359e+000
0.208149	0.021387	6.508031e+000
0.211951	0.003802	6.498040e+000
0.216704	0.004753	6.441664e+000
0.216704	0.000000	6.403050e+000
0.226059	0.009355	6.310336e+000
0.230737	0.004678	6.264605e+000
0.254125	0.023388	6.055424e+000
0.258283	0.004158	6.047896e+000
0.263480	0.005197	5.989706e+000
0.263480	0.000000	5.946773e+000
0.273814	0.010334	5.851549e+000
0.278981	0.005167	5.804705e+000
0.304815	0.025834	5.592182e+000
0.309408	0.004593	5.587580e+000
0.315149	0.005741	5.527201e+000
0.315149	0.000000	5.479158e+000
0.326602	0.011453	5.381765e+000
0.332329	0.005727	5.334021e+000
0.360962	0.028633	5.119344e+000
0.366053	0.005090	5.118134e+000
0.372416	0.006363	5.055691e+000
0.372416	0.000000	5.002167e+000
0.385117	0.012701	4.903377e+000
0.391468	0.006351	4.855159e+000
0.423221	0.031753	4.640396e+000
0.428866	0.005645	4.642942e+000
0.435922	0.007056	4.578858e+000
0.435922	0.000000	4.519859e+000
0.450000	0.014078	4.420685e+000
0.457040	0.007039	4.372535e+000
0.492236	0.035196	4.160214e+000
0.498493	0.006257	4.166759e+000
0.506314	0.007821	4.101636e+000
0.506314	0.000000	4.037459e+000
0.521911	0.015597	3.939041e+000
0.529709	0.007798	3.891565e+000
0.568700	0.038991	3.684402e+000
0.575632	0.006932	3.695052e+000
0.584297	0.008665	3.629605e+000
0.584297	0.000000	3.560793e+000
0.601573	0.017276	3.464322e+000
0.610211	0.008638	3.418144e+000
0.653402	0.043191	3.218868e+000
0.661080	0.007678	3.233583e+000
0.670678	0.009598	3.168588e+000
0.670678	0.000000	3.095897e+000
0.689826	0.019148	3.002557e+000
0.699400	0.009574	2.958296e+000
0.747269	0.047869	2.769516e+000
0.755779	0.008510	2.788109e+000
0.766416	0.010638	2.724369e+000
0.766416	0.000000	2.648739e+000
0.787668	0.021252	2.559666e+000
0.798294	0.010626	2.517911e+000
0.851423	0.053129	2.342021e+000
0.860868	0.009445	2.364157e+000
0.872675	0.011807	2.302474e+000
0.872675	0.000000	2.225003e+000
0.896319	0.023644	2.141249e+000
0.908141	0.011822	2.102542e+000
0.967252	0.059111	1.941643e+000
0.977760	0.010509	1.966840e+000
0.990896	0.013136	1.907994e+000
0.990896	0.000000	1.829916e+000
1.017297	0.026401	1.752420e+000
1.030497	0.013200	1.717240e+000
1.096499	0.066002	1.573071e+000
1.108233	0.011734	1.600706e+000
1.122900	0.014667	1.545435e+000
1.122900	0.000000	1.468095e+000
1.152525	0.029625	1.397658e+000
1.167338	0.014813	1.366405e+000
1.241401	0.074063	1.240287e+000
1.254568	0.013167	1.269605e+000
1.271027	0.016459	1.218585e+000
1.271027	0.000000	1.143414e+000
1.304492	0.033466	1.080674e+000
1.321225	0.016733	1.053659e+000
1.404889	0.083664	9.464409e-001
1.419762	0.014874	9.765654e-001
1.438354	0.018592	9.303983e-001
1.438354	0.000000	8.588800e-001
1.476490	0.038136	8.042934e-001
1.495558	0.019068	7.817206e-001
1.590897	0.095339	6.937390e-001
1.607846	0.016949	7.236882e-001
1.629033	0.021186	6.828817e-001
1.629033	0.000000	6.165205e-001
1.672992	0.043959	5.703377e-001
1.694971	0.021980	5.522952e-001
1.804869	0.109898	4.833255e-001
1.824406	0.019537	5.120385e-001
1.848828	0.024422	4.769907e-001
1.848828	0.000000	4.172624e-001
1.900275	0.051447	3.795088e-001
1.925999	0.025724	3.659504e-001
2.054617	0.128618	3.151690e-001
2.077482	0.022865	3.415454e-001
2.106064	0.028582	3.125252e-001
2.106064	0.000000	2.608087e-001
2.167519	0.061456	2.312603e-001
2.198247	0.030728	2.219870e-001
2.351886	0.153639	1.879349e-001
2.379200	0.027314	2.109034e-001
2.413342	0.034142	1.880251e-001
2.413342	0.000000	1.454936e-001
2.488872	0.075530	1.236450e-001
2.526638	0.037765	1.182807e-001
2.715463	0.188826	9.884072e-002
2.749032	0.033569	1.174874e-001
2.790994	0.041961	1.006741e-001
2.790994	0.000000	6.809802e-002
2.887768	0.096775	5.310926e-002
2.936155	0.048387	5.107120e-002
3.178092	0.241936	4.350444e-002
3.221103	0.043011	5.735280e-002
3.274866	0.053764	4.627976e-002
3.274866	0.000000	2.360421e-002
3.374866	0.100000	1.648425e-002
3.424866	0.050000	1.684888e-002
3.674866	0.250000	1.149683e-002
3.719311	0.044444	8.250984e-003
3.774866	0.055556	3.479084e-003
3.774866	0.000000	8.244954e-003
3.874866	0.100000	7.709710e-003
3.924866	0.050000	6.617226e-003
4.174866	0.250000	8.219637e-003
4.219311	0.044444	1.711198e-002
4.274866	0.055556	1.634755e-002
4.274866	0.000000	2.337480e-003
4.374866	0.100000	-1.775279e-004
4.424866	0.050000	9.897884e-004
4.674866	0.250000	-2.759805e-003
4.719311	0.044444	-1.237879e-002
4.774866	0.055556	-1.368816e-002
4.774866	0.000000	1.319545e-003
4.819893	0.045027	2.267750e-003
4.842406	0.022513	1.572288e-003
4.954973	0.112567	4.868751e-003
4.974985	0.020012	1.306051e-002
5.000000	0.025015	1.304446e-002
5.000000	0.000000	9.955261e-004
