0.000000	1.500000e-001
0.010000	2.990190e-001
0.020000	4.470570e-001
0.030000	5.941140e-001
0.040000	7.401900e-001
0.050000	8.852850e-001
0.060000	1.029399e+000
0.070000	1.172532e+000
0.080000	1.314684e+000
0.090000	1.455855e+000
0.100000	1.596045e+000
0.110000	1.735254e+000
0.120000	1.873482e+000
0.130000	2.010729e+000
0.140000	2.146995e+000
0.150000	2.282280e+000
0.160000	2.416584e+000
0.170000	2.549907e+000
0.180000	2.682249e+000
0.190000	2.813610e+000
0.200000	2.943990e+000
0.210000	3.073389e+000
0.220000	3.201807e+000
0.230000	3.329244e+000
0.240000	3.455700e+000
0.250000	3.581175e+000
0.260000	3.705669e+000
0.270000	3.829182e+000
0.280000	3.951714e+000
0.290000	4.073265e+000
0.300000	4.193835e+000
0.310000	4.313424e+000
0.320000	4.432032e+000
0.330000	4.549659e+000
0.340000	4.666305e+000
0.350000	4.781970e+000
0.360000	4.896654e+000
0.370000	5.010357e+000
0.380000	5.123079e+000
0.390000	5.234820e+000
0.400000	5.345580e+000
0.410000	5.455359e+000
0.420000	5.564157e+000
0.430000	5.671974e+000
0.440000	5.778810e+000
0.450000	5.884665e+000
0.460000	5.989539e+000
0.470000	6.093432e+000
0.480000	6.196344e+000
0.490000	6.298275e+000
0.500000	6.399225e+000
0.510000	6.499194e+000
0.520000	6.598182e+000
0.530000	6.696189e+000
0.540000	6.793215e+000
0.550000	6.889260e+000
0.560000	6.984324e+000
0.570000	7.078407e+000
0.580000	7.171509e+000
0.590000	7.263630e+000
0.600000	7.354770e+000
0.610000	7.444929e+000
0.620000	7.534107e+000
0.630000	7.622304e+000
0.640000	7.709520e+000
0.650000	7.795755e+000
0.660000	7.881009e+000
0.670000	7.965282e+000
0.680000	8.048574e+000
0.690000	8.130885e+000
0.700000	8.212215e+000
0.710000	8.292564e+000
0.720000	8.371932e+000
0.730000	8.450319e+000
0.740000	8.527725e+000
0.750000	8.604150e+000
0.760000	8.679594e+000
0.770000	8.754057e+000
0.780000	8.827539e+000
0.790000	8.900040e+000
0.800000	8.971560e+000
0.810000	9.042099e+000
0.820000	9.111657e+000
0.830000	9.180234e+000
0.840000	9.247830e+000
0.850000	9.314445e+000
0.860000	9.380079e+000
0.870000	9.444732e+000
0.880000	9.508404e+000
0.890000	9.571095e+000
0.900000	9.632805e+000
0.910000	9.693534e+000
0.920000	9.753282e+000
0.930000	9.812049e+000
0.940000	9.869835e+000
0.950000	9.926640e+000
0.960000	9.982464e+000
0.970000	1.003731e+001
0.980000	1.009117e+001
0.990000	1.014405e+001
1.000000	1.019595e+001
1.010000	1.024687e+001
1.020000	1.029681e+001
1.030000	1.034576e+001
1.040000	1.039374e+001
1.050000	1.044073e+001
1.060000	1.048675e+001
1.070000	1.053178e+001
1.080000	1.057583e+001
1.090000	1.061890e+001
1.100000	1.066099e+001
1.110000	1.070210e+001
1.120000	1.074223e+001
1.130000	1.078138e+001
1.140000	1.081954e+001
1.150000	1.085673e+001
1.160000	1.089293e+001
1.170000	1.092816e+001
1.180000	1.096240e+001
1.190000	1.099566e+001
1.200000	1.102794e+001
1.210000	1.105924e+001
1.220000	1.108956e+001
1.230000	1.111889e+001
1.240000	1.114725e+001
1.250000	1.117462e+001
1.260000	1.120102e+001
1.270000	1.122643e+001
1.280000	1.125086e+001
1.290000	1.127431e+001
1.300000	1.129678e+001
1.310000	1.131827e+001
1.320000	1.133878e+001
1.330000	1.135831e+001
1.340000	1.137685e+001
1.350000	1.139442e+001
1.360000	1.141100e+001
1.370000	1.142661e+001
1.380000	1.144123e+001
1.390000	1.145487e+001
1.400000	1.146753e+001
1.410000	1.147921e+001
1.420000	1.148991e+001
1.430000	1.149962e+001
1.440000	1.150836e+001
1.450000	1.151611e+001
1.460000	1.152289e+001
1.470000	1.152868e+001
1.480000	1.153349e+001
1.490000	1.153732e+001
1.500000	1.154017e+001
1.510000	1.154204e+001
1.520000	1.154293e+001
1.530000	1.154284e+001
1.540000	1.154176e+001
1.550000	1.153971e+001
1.560000	1.153667e+001
1.570000	1.153266e+001
1.580000	1.152766e+001
1.590000	1.152168e+001
1.600000	1.151472e+001
1.610000	1.150678e+001
1.620000	1.149786e+001
1.630000	1.148795e+001
1.640000	1.147707e+001
1.650000	1.146520e+001
1.660000	1.145236e+001
1.670000	1.143853e+001
1.680000	1.142372e+001
1.690000	1.140793e+001
1.700000	1.139116e+001
1.710000	1.137341e+001
1.720000	1.135468e+001
1.730000	1.133497e+001
1.740000	1.131427e+001
1.750000	1.129260e+001
1.760000	1.126994e+001
1.770000	1.124631e+001
1.780000	1.122169e+001
1.790000	1.119609e+001
1.800000	1.116951e+001
1.810000	1.114195e+001
1.820000	1.111341e+001
1.830000	1.108388e+001
1.840000	1.105338e+001
1.850000	1.102189e+001
1.860000	1.098943e+001
1.870000	1.095598e+001
1.880000	1.092155e+001
1.890000	1.088614e+001
1.900000	1.084975e+001
1.910000	1.081238e+001
1.920000	1.077403e+001
1.930000	1.073470e+001
1.940000	1.069438e+001
1.950000	1.065309e+001
1.960000	1.061081e+001
1.970000	1.056756e+001
1.980000	1.052332e+001
1.990000	1.047810e+001
2.000000	1.043190e+001
2.010000	1.038472e+001
2.020000	1.033656e+001
2.030000	1.028741e+001
2.040000	1.023729e+001
2.050000	1.018618e+001
2.060000	1.013410e+001
2.070000	1.008103e+001
2.080000	1.002698e+001
2.090000	9.971955e+000
2.100000	9.915945e+000
2.110000	9.858954e+000
2.120000	9.800982e+000
2.130000	9.742029e+000
2.140000	9.682095e+000
2.150000	9.621180e+000
2.160000	9.559284e+000
2.170000	9.496407e+000
2.180000	9.432549e+000
2.190000	9.367710e+000
2.200000	9.301890e+000
2.210000	9.235089e+000
2.220000	9.167307e+000
2.230000	9.098544e+000
2.240000	9.028800e+000
2.250000	8.958075e+000
2.260000	8.886369e+000
2.270000	8.813682e+000
2.280000	8.740014e+000
2.290000	8.665365e+000
2.300000	8.589735e+000
2.310000	8.513124e+000
2.320000	8.435532e+000
2.330000	8.356959e+000
2.340000	8.277405e+000
2.350000	8.196870e+000
2.360000	8.115354e+000
2.370000	8.032857e+000
2.380000	7.949379e+000
2.390000	7.864920e+000
2.400000	7.779480e+000
2.410000	7.693059e+000
2.420000	7.605657e+000
2.430000	7.517274e+000
2.440000	7.427910e+000
2.450000	7.337565e+000
2.460000	7.246239e+000
2.470000	7.153932e+000
2.480000	7.060644e+000
2.490000	6.966375e+000
2.500000	6.871125e+000
2.510000	6.774894e+000
2.520000	6.677682e+000
2.530000	6.579489e+000
2.540000	6.480315e+000
2.550000	6.380160e+000
2.560000	6.279024e+000
2.570000	6.176907e+000
2.580000	6.073809e+000
2.590000	5.969730e+000
2.600000	5.864670e+000
2.610000	5.758629e+000
2.620000	5.651607e+000
2.630000	5.543604e+000
2.640000	5.434620e+000
2.650000	5.324655e+000
2.660000	5.213709e+000
2.670000	5.101782e+000
2.680000	4.988874e+000
2.690000	4.874985e+000
2.700000	4.760115e+000
2.710000	4.644264e+000
2.720000	4.527432e+000
2.730000	4.409619e+000
2.740000	4.290825e+000
2.750000	4.171050e+000
2.760000	4.050294e+000
2.770000	3.928557e+000
2.780000	3.805839e+000
2.790000	3.682140e+000
2.800000	3.557460e+000
2.810000	3.431799e+000
2.820000	3.305157e+000
2.830000	3.177534e+000
2.840000	3.048930e+000
2.850000	2.919345e+000
2.860000	2.788779e+000
2.870000	2.657232e+000
2.880000	2.524704e+000
2.890000	2.391195e+000
2.900000	2.256705e+000
2.910000	2.121234e+000
2.920000	1.984782e+000
2.930000	1.847349e+000
2.940000	1.708935e+000
2.950000	1.569540e+000
2.960000	1.429164e+000
2.970000	1.287807e+000
2.980000	1.145469e+000
2.990000	1.002150e+000
3.000000	8.578500e-001
