0.000000	1.490190e+001
0.010000	1.480380e+001
0.020000	1.470570e+001
0.030000	1.460760e+001
0.040000	1.450950e+001
0.050000	1.441140e+001
0.060000	1.431330e+001
0.070000	1.421520e+001
0.080000	1.411710e+001
0.090000	1.401900e+001
0.100000	1.392090e+001
0.110000	1.382280e+001
0.120000	1.372470e+001
0.130000	1.362660e+001
0.140000	1.352850e+001
0.150000	1.343040e+001
0.160000	1.333230e+001
0.170000	1.323420e+001
0.180000	1.313610e+001
0.190000	1.303800e+001
0.200000	1.293990e+001
0.210000	1.284180e+001
0.220000	1.274370e+001
0.230000	1.264560e+001
0.240000	1.254750e+001
0.250000	1.244940e+001
0.260000	1.235130e+001
0.270000	1.225320e+001
0.280000	1.215510e+001
0.290000	1.205700e+001
0.300000	1.195890e+001
0.310000	1.186080e+001
0.320000	1.176270e+001
0.330000	1.166460e+001
0.340000	1.156650e+001
0.350000	1.146840e+001
0.360000	1.137030e+001
0.370000	1.127220e+001
0.380000	1.117410e+001
0.390000	1.107600e+001
0.400000	1.097790e+001
0.410000	1.087980e+001
0.420000	1.078170e+001
0.430000	1.068360e+001
0.440000	1.058550e+001
0.450000	1.048740e+001
0.460000	1.038930e+001
0.470000	1.029120e+001
0.480000	1.019310e+001
0.490000	1.009500e+001
0.500000	9.996900e+000
0.510000	9.898800e+000
0.520000	9.800700e+000
0.530000	9.702600e+000
0.540000	9.604500e+000
0.550000	9.506400e+000
0.560000	9.408300e+000
0.570000	9.310200e+000
0.580000	9.212100e+000
0.590000	9.114000e+000
0.600000	9.015900e+000
0.610000	8.917800e+000
0.620000	8.819700e+000
0.630000	8.721600e+000
0.640000	8.623500e+000
0.650000	8.525400e+000
0.660000	8.427300e+000
0.670000	8.329200e+000
0.680000	8.231100e+000
0.690000	8.133000e+000
0.700000	8.034900e+000
0.710000	7.936800e+000
0.720000	7.838700e+000
0.730000	7.740600e+000
0.740000	7.642500e+000
0.750000	7.544400e+000
0.760000	7.446300e+000
0.770000	7.348200e+000
0.780000	7.250100e+000
0.790000	7.152000e+000
0.800000	7.053900e+000
0.810000	6.955800e+000
0.820000	6.857700e+000
0.830000	6.759600e+000
0.840000	6.661500e+000
0.850000	6.563400e+000
0.860000	6.465300e+000
0.870000	6.367200e+000
0.880000	6.269100e+000
0.890000	6.171000e+000
0.900000	6.072900e+000
0.910000	5.974800e+000
0.920000	5.876700e+000
0.930000	5.778600e+000
0.940000	5.680500e+000
0.950000	5.582400e+000
0.960000	5.484300e+000
0.970000	5.386200e+000
0.980000	5.288100e+000
0.990000	5.190000e+000
1.000000	5.091900e+000
1.010000	4.993800e+000
1.020000	4.895700e+000
1.030000	4.797600e+000
1.040000	4.699500e+000
1.050000	4.601400e+000
1.060000	4.503300e+000
1.070000	4.405200e+000
1.080000	4.307100e+000
1.090000	4.209000e+000
1.100000	4.110900e+000
1.110000	4.012800e+000
1.120000	3.914700e+000
1.130000	3.816600e+000
1.140000	3.718500e+000
1.150000	3.620400e+000
1.160000	3.522300e+000
1.170000	3.424200e+000
1.180000	3.326100e+000
1.190000	3.228000e+000
1.200000	3.129900e+000
1.210000	3.031800e+000
1.220000	2.933700e+000
1.230000	2.835600e+000
1.240000	2.737500e+000
1.250000	2.639400e+000
1.260000	2.541300e+000
1.270000	2.443200e+000
1.280000	2.345100e+000
1.290000	2.247000e+000
1.300000	2.148900e+000
1.310000	2.050800e+000
1.320000	1.952700e+000
1.330000	1.854600e+000
1.340000	1.756500e+000
1.350000	1.658400e+000
1.360000	1.560300e+000
1.370000	1.462200e+000
1.380000	1.364100e+000
1.390000	1.266000e+000
1.400000	1.167900e+000
1.410000	1.069800e+000
1.420000	9.717000e-001
1.430000	8.736000e-001
1.440000	7.755000e-001
1.450000	6.774000e-001
1.460000	5.793000e-001
1.470000	4.812000e-001
1.480000	3.831000e-001
1.490000	2.850000e-001
1.500000	1.869000e-001
1.510000	8.880000e-002
1.520000	-9.300000e-003
1.530000	-1.074000e-001
1.540000	-2.055000e-001
1.550000	-3.036000e-001
1.560000	-4.017000e-001
1.570000	-4.998000e-001
1.580000	-5.979000e-001
1.590000	-6.960000e-001
1.600000	-7.941000e-001
1.610000	-8.922000e-001
1.620000	-9.903000e-001
1.630000	-1.088400e+000
1.640000	-1.186500e+000
1.650000	-1.284600e+000
1.660000	-1.382700e+000
1.670000	-1.480800e+000
1.680000	-1.578900e+000
1.690000	-1.677000e+000
1.700000	-1.775100e+000
1.710000	-1.873200e+000
1.720000	-1.971300e+000
1.730000	-2.069400e+000
1.740000	-2.167500e+000
1.750000	-2.265600e+000
1.760000	-2.363700e+000
1.770000	-2.461800e+000
1.780000	-2.559900e+000
1.790000	-2.658000e+000
1.800000	-2.756100e+000
1.810000	-2.854200e+000
1.820000	-2.952300e+000
1.830000	-3.050400e+000
1.840000	-3.148500e+000
1.850000	-3.246600e+000
1.860000	-3.344700e+000
1.870000	-3.442800e+000
1.880000	-3.540900e+000
1.890000	-3.639000e+000
1.900000	-3.737100e+000
1.910000	-3.835200e+000
1.920000	-3.933300e+000
1.930000	-4.031400e+000
1.940000	-4.129500e+000
1.950000	-4.227600e+000
1.960000	-4.325700e+000
1.970000	-4.423800e+000
1.980000	-4.521900e+000
1.990000	-4.620000e+000
2.000000	-4.718100e+000
2.010000	-4.816200e+000
2.020000	-4.914300e+000
2.030000	-5.012400e+000
2.040000	-5.110500e+000
2.050000	-5.208600e+000
2.060000	-5.306700e+000
2.070000	-5.404800e+000
2.080000	-5.502900e+000
2.090000	-5.601000e+000
2.100000	-5.699100e+000
2.110000	-5.797200e+000
2.120000	-5.895300e+000
2.130000	-5.993400e+000
2.140000	-6.091500e+000
2.150000	-6.189600e+000
2.160000	-6.287700e+000
2.170000	-6.385800e+000
2.180000	-6.483900e+000
2.190000	-6.582000e+000
2.200000	-6.680100e+000
2.210000	-6.778200e+000
2.220000	-6.876300e+000
2.230000	-6.974400e+000
2.240000	-7.072500e+000
2.250000	-7.170600e+000
2.260000	-7.268700e+000
2.270000	-7.366800e+000
2.280000	-7.464900e+000
2.290000	-7.563000e+000
2.300000	-7.661100e+000
2.310000	-7.759200e+000
2.320000	-7.857300e+000
2.330000	-7.955400e+000
2.340000	-8.053500e+000
2.350000	-8.151600e+000
2.360000	-8.249700e+000
2.370000	-8.347800e+000
2.380000	-8.445900e+000
2.390000	-8.544000e+000
2.400000	-8.642100e+000
2.410000	-8.740200e+000
2.420000	-8.838300e+000
2.430000	-8.936400e+000
2.440000	-9.034500e+000
2.450000	-9.132600e+000
2.460000	-9.230700e+000
2.470000	-9.328800e+000
2.480000	-9.426900e+000
2.490000	-9.525000e+000
2.500000	-9.623100e+000
2.510000	-9.721200e+000
2.520000	-9.819300e+000
2.530000	-9.917400e+000
2.540000	-1.001550e+001
2.550000	-1.011360e+001
2.560000	-1.021170e+001
2.570000	-1.030980e+001
2.580000	-1.040790e+001
2.590000	-1.050600e+001
2.600000	-1.060410e+001
2.610000	-1.070220e+001
2.620000	-1.080030e+001
2.630000	-1.089840e+001
2.640000	-1.099650e+001
2.650000	-1.109460e+001
2.660000	-1.119270e+001
2.670000	-1.129080e+001
2.680000	-1.138890e+001
2.690000	-1.148700e+001
2.700000	-1.158510e+001
2.710000	-1.168320e+001
2.720000	-1.178130e+001
2.730000	-1.187940e+001
2.740000	-1.197750e+001
2.750000	-1.207560e+001
2.760000	-1.217370e+001
2.770000	-1.227180e+001
2.780000	-1.236990e+001
2.790000	-1.246800e+001
2.800000	-1.256610e+001
2.810000	-1.266420e+001
2.820000	-1.276230e+001
2.830000	-1.286040e+001
2.840000	-1.295850e+001
2.850000	-1.305660e+001
2.860000	-1.315470e+001
2.870000	-1.325280e+001
2.880000	-1.335090e+001
2.890000	-1.344900e+001
2.900000	-1.354710e+001
2.910000	-1.364520e+001
2.920000	-1.374330e+001
2.930000	-1.384140e+001
2.940000	-1.393950e+001
2.950000	-1.403760e+001
2.960000	-1.413570e+001
2.970000	-1.423380e+001
2.980000	-1.433190e+001
2.990000	-1.443000e+001
3.000000	-1.452810e+001
